0.37653325342325417
-0.15503079528673003
-0.056721704584920984
0.8391678207423671
-0.5057475239220276
-1.1313074707898796
-0.22223838240788454
-0.7124153136500169
-0.8378060304599831
0.44037486540727055
-0.7157972565548344
0.03
-0.03353483865563267
2.1312850856578547
-0.1894688520569704
-0.9891424287595719
0.07610880868024136
1.4630690799286326
1.0761015771506899
-0.908283484992783
-0.7877344898909823
-1.1383820292073925
-0.4412078187517582
0.7182647060962919
0.21190458648554233
0.9342939625652258
-0.780339669858719
0.3738100423738969
-1.0867772847939148
-0.7956562514440265
-0.2772805726901715
1.0290292364092624
-0.19312304147327863
-0.8922434364566353
-0.5043351781270685
0.4524542139085484
