-0.3706703420810832
0.00213437827748425
0.5804092745864875
0.7756960245573897
0.12835086121257244
-0.39217885387526585
-0.4289479088126169
-0.6071651305066343
-1.046980729829217
1.2284840364095233
-0.5628293284337238
-0.93
-1.1264224553670892
-0.13173157188823076
0.27430295476980526
0.7533639399240153
-0.261655414929027
-0.2632578387783069
-0.02
-0.79
0.6985490010160474
-0.8758775320404038
-2.3291505480626915
2.479628066991738
0.39909933324541524
0.5672569281306298
-1.1358098861931643
1.2496164160873369
-0.8618763529830524
0.5258650679342542
-0.3259769778467766
-1.2311757094935922
0.3784449314530449
-0.9735470752108512
-0.5989140495556391
1.110548111687081
-0.7927714006848532
1.4287157868886198
0.4430618735734489
-0.8470213338357403
0.20249648291977473
0.5390347339495617
